  5.0   5.0  0.000
  9.9   5.0  0.000
 14.8   5.0  0.000
 19.7   5.0  0.000
 24.6   5.0  0.000
 29.5   5.0  0.000
 34.4   5.0  0.000
 39.3   5.0  0.000
 44.1   5.0  0.000
 49.0   5.0  0.000
 53.9   5.0  0.000
 58.8   5.0  0.000
 63.7   5.0  0.000
 68.6   5.0  0.000
 73.5   5.0  0.000
 78.4   5.0  0.000
 83.2   5.0  0.000
 88.1   5.0  0.000
 93.0   5.0  0.000
 97.9   5.0  0.000
102.8   5.0  0.000
107.7   5.0  0.000
112.6   5.0  0.000
117.5   5.0  0.000
122.4   5.0  0.000
127.2   5.0  0.000
132.1   5.0  0.000
137.0   5.0  0.000
141.9   5.0  0.000
146.8   5.0  0.000
151.7   5.0  0.000
156.6   5.0  0.000
161.4   5.0  0.000
166.3   5.0  0.000
171.2   5.0  0.000
176.1   5.0  0.000
181.0   5.0  0.000
185.9   5.0  0.000
190.8   5.0  0.000
195.7   5.0  0.000
200.6   5.0  0.000
205.4   5.0  0.000
210.3   5.0  0.000
215.2   5.0  0.000
220.1   5.0  0.000
225.0   5.0  0.000
229.9   5.0  0.000
234.8   5.0  0.000
239.6   5.0  0.000
244.5   5.0  0.000
  5.0   9.9  0.000
  9.9   9.9  0.000
 14.8   9.9  0.000
 19.7   9.9  0.000
 24.6   9.9  0.000
 29.5   9.9  0.000
 34.4   9.9  0.000
 39.3   9.9  0.000
 44.1   9.9  0.000
 49.0   9.9  0.000
 53.9   9.9  0.000
 58.8   9.9  0.000
 63.7   9.9  0.000
 68.6   9.9  0.000
 73.5   9.9  0.000
 78.4   9.9  0.000
 83.2   9.9  0.000
 88.1   9.9  0.000
 93.0   9.9  0.000
 97.9   9.9  0.000
102.8   9.9  0.000
107.7   9.9  0.000
112.6   9.9  0.000
117.5   9.9  0.000
122.4   9.9  0.000
127.2   9.9  0.000
132.1   9.9  0.000
137.0   9.9  0.000
141.9   9.9  0.000
146.8   9.9  0.000
151.7   9.9  0.000
156.6   9.9  0.000
161.4   9.9  0.000
166.3   9.9  0.000
171.2   9.9  0.000
176.1   9.9  0.000
181.0   9.9  0.000
185.9   9.9  0.000
190.8   9.9  0.000
195.7   9.9  0.000
200.6   9.9  0.000
205.4   9.9  0.000
210.3   9.9  0.000
215.2   9.9  0.000
220.1   9.9  0.000
225.0   9.9  0.000
229.9   9.9  0.000
234.8   9.9  0.000
239.6   9.9  0.000
244.5   9.9  0.000
  5.0  14.8  0.000
  9.9  14.8  0.000
 14.8  14.8  0.000
 19.7  14.8  0.000
 24.6  14.8  0.000
 29.5  14.8  0.000
 34.4  14.8  0.000
 39.3  14.8  0.000
 44.1  14.8  0.000
 49.0  14.8  0.000
 53.9  14.8  0.000
 58.8  14.8  0.000
 63.7  14.8  0.000
 68.6  14.8  0.000
 73.5  14.8  0.000
 78.4  14.8  0.000
 83.2  14.8  0.000
 88.1  14.8  0.000
 93.0  14.8  0.000
 97.9  14.8  0.000
102.8  14.8  0.000
107.7  14.8  0.000
112.6  14.8  0.000
117.5  14.8  0.000
122.4  14.8  0.000
127.2  14.8  0.000
132.1  14.8  0.000
137.0  14.8  0.000
141.9  14.8  0.000
146.8  14.8  0.000
151.7  14.8  0.000
156.6  14.8  0.000
161.4  14.8  0.000
166.3  14.8  0.000
171.2  14.8  0.000
176.1  14.8  0.000
181.0  14.8  0.000
185.9  14.8  0.000
190.8  14.8  0.000
195.7  14.8  0.000
200.6  14.8  0.000
205.4  14.8  0.000
210.3  14.8  0.000
215.2  14.8  0.000
220.1  14.8  0.000
225.0  14.8  0.000
229.9  14.8  0.000
234.8  14.8  0.000
239.6  14.8  0.000
244.5  14.8  0.000
  5.0  19.7  0.000
  9.9  19.7  0.000
 14.8  19.7  0.000
 19.7  19.7  0.000
 24.6  19.7  0.000
 29.5  19.7  0.000
 34.4  19.7  0.000
 39.3  19.7  0.000
 44.1  19.7  0.000
 49.0  19.7  0.000
 53.9  19.7  0.000
 58.8  19.7  0.000
 63.7  19.7  0.000
 68.6  19.7  0.000
 73.5  19.7  0.000
 78.4  19.7  0.000
 83.2  19.7  0.000
 88.1  19.7  0.000
 93.0  19.7  0.000
 97.9  19.7  0.000
102.8  19.7  0.000
107.7  19.7  0.000
112.6  19.7  0.000
117.5  19.7  0.000
122.4  19.7  0.000
127.2  19.7  0.000
132.1  19.7  0.000
137.0  19.7  0.000
141.9  19.7  0.000
146.8  19.7  0.000
151.7  19.7  0.000
156.6  19.7  0.000
161.4  19.7  0.000
166.3  19.7  0.000
171.2  19.7  0.000
176.1  19.7  0.000
181.0  19.7  0.000
185.9  19.7  0.000
190.8  19.7  0.000
195.7  19.7  0.000
200.6  19.7  0.000
205.4  19.7  0.000
210.3  19.7  0.000
215.2  19.7  0.000
220.1  19.7  0.000
225.0  19.7  0.000
229.9  19.7  0.000
234.8  19.7  0.000
239.6  19.7  0.000
244.5  19.7  0.000
  5.0  24.6  0.000
  9.9  24.6  0.000
 14.8  24.6  0.000
 19.7  24.6  0.000
 24.6  24.6  0.000
 29.5  24.6  0.000
 34.4  24.6  0.000
 39.3  24.6  0.000
 44.1  24.6  0.000
 49.0  24.6  0.000
 53.9  24.6  0.000
 58.8  24.6  0.000
 63.7  24.6  0.000
 68.6  24.6  0.000
 73.5  24.6  0.000
 78.4  24.6  0.000
 83.2  24.6  0.000
 88.1  24.6  0.000
 93.0  24.6  0.000
 97.9  24.6  0.000
102.8  24.6  0.000
107.7  24.6  0.000
112.6  24.6  0.000
117.5  24.6  0.000
122.4  24.6  0.000
127.2  24.6  0.000
132.1  24.6  0.000
137.0  24.6  0.000
141.9  24.6  0.000
146.8  24.6  0.000
151.7  24.6  0.000
156.6  24.6  0.000
161.4  24.6  0.000
166.3  24.6  0.000
171.2  24.6  0.000
176.1  24.6  0.000
181.0  24.6  0.000
185.9  24.6  0.000
190.8  24.6  0.000
195.7  24.6  0.000
200.6  24.6  0.000
205.4  24.6  0.000
210.3  24.6  0.000
215.2  24.6  0.000
220.1  24.6  0.000
225.0  24.6  0.000
229.9  24.6  0.000
234.8  24.6  0.000
239.6  24.6  0.000
244.5  24.6  0.000
  5.0  29.5  0.000
  9.9  29.5  0.000
 14.8  29.5  0.000
 19.7  29.5  0.000
 24.6  29.5  0.000
 29.5  29.5  0.000
 34.4  29.5  0.000
 39.3  29.5  0.000
 44.1  29.5  0.000
 49.0  29.5  0.000
 53.9  29.5  0.000
 58.8  29.5  0.000
 63.7  29.5  0.000
 68.6  29.5  0.000
 73.5  29.5  0.000
 78.4  29.5  0.000
 83.2  29.5  0.000
 88.1  29.5  0.000
 93.0  29.5  0.000
 97.9  29.5  0.000
102.8  29.5  0.000
107.7  29.5  0.000
112.6  29.5  0.000
117.5  29.5  0.000
122.4  29.5  0.000
127.2  29.5  0.000
132.1  29.5  0.000
137.0  29.5  0.000
141.9  29.5  0.000
146.8  29.5  0.000
151.7  29.5  0.000
156.6  29.5  0.000
161.4  29.5  0.000
166.3  29.5  0.000
171.2  29.5  0.000
176.1  29.5  0.000
181.0  29.5  0.000
185.9  29.5  0.000
190.8  29.5  0.000
195.7  29.5  0.000
200.6  29.5  0.000
205.4  29.5  0.000
210.3  29.5  0.000
215.2  29.5  0.000
220.1  29.5  0.000
225.0  29.5  0.000
229.9  29.5  0.000
234.8  29.5  0.000
239.6  29.5  0.000
244.5  29.5  0.000
  5.0  34.4  0.000
  9.9  34.4  0.000
 14.8  34.4  0.000
 19.7  34.4  0.000
 24.6  34.4  0.000
 29.5  34.4  0.000
 34.4  34.4  0.000
 39.3  34.4  0.000
 44.1  34.4  0.000
 49.0  34.4  0.000
 53.9  34.4  0.000
 58.8  34.4  0.000
 63.7  34.4  0.000
 68.6  34.4  0.000
 73.5  34.4  0.000
 78.4  34.4  0.000
 83.2  34.4  0.000
 88.1  34.4  0.000
 93.0  34.4  0.000
 97.9  34.4  0.000
102.8  34.4  0.000
107.7  34.4  0.000
112.6  34.4  0.000
117.5  34.4  0.000
122.4  34.4  0.000
127.2  34.4  0.000
132.1  34.4  0.000
137.0  34.4  0.000
141.9  34.4  0.000
146.8  34.4  0.000
151.7  34.4  0.000
156.6  34.4  0.000
161.4  34.4  0.000
166.3  34.4  0.000
171.2  34.4  0.000
176.1  34.4  0.000
181.0  34.4  0.000
185.9  34.4  0.000
190.8  34.4  0.000
195.7  34.4  0.000
200.6  34.4  0.000
205.4  34.4  0.000
210.3  34.4  0.000
215.2  34.4  0.000
220.1  34.4  0.000
225.0  34.4  0.000
229.9  34.4  0.000
234.8  34.4  0.000
239.6  34.4  0.000
244.5  34.4  0.000
  5.0  39.3  0.000
  9.9  39.3  0.000
 14.8  39.3  0.000
 19.7  39.3  0.000
 24.6  39.3  0.000
 29.5  39.3  0.000
 34.4  39.3  0.000
 39.3  39.3  0.000
 44.1  39.3  0.000
 49.0  39.3  0.000
 53.9  39.3  0.000
 58.8  39.3  0.000
 63.7  39.3  0.000
 68.6  39.3  0.000
 73.5  39.3  0.000
 78.4  39.3  0.000
 83.2  39.3  0.000
 88.1  39.3  0.000
 93.0  39.3  0.000
 97.9  39.3  0.000
102.8  39.3  0.000
107.7  39.3  0.000
112.6  39.3  0.000
117.5  39.3  0.000
122.4  39.3  0.000
127.2  39.3  9.771
132.1  39.3  9.678
137.0  39.3  0.000
141.9  39.3  0.000
146.8  39.3  0.000
151.7  39.3  0.000
156.6  39.3  0.000
161.4  39.3  0.000
166.3  39.3  0.000
171.2  39.3  0.000
176.1  39.3  0.000
181.0  39.3  0.000
185.9  39.3  0.000
190.8  39.3  0.000
195.7  39.3  0.000
200.6  39.3  0.000
205.4  39.3  0.000
210.3  39.3  0.000
215.2  39.3  0.000
220.1  39.3  0.000
225.0  39.3  0.000
229.9  39.3  0.000
234.8  39.3  0.000
239.6  39.3  0.000
244.5  39.3  0.000
  5.0  44.1  0.000
  9.9  44.1  0.000
 14.8  44.1  0.000
 19.7  44.1  0.000
 24.6  44.1  0.000
 29.5  44.1  0.000
 34.4  44.1  0.000
 39.3  44.1  0.000
 44.1  44.1  0.000
 49.0  44.1  0.000
 53.9  44.1  0.000
 58.8  44.1  0.000
 63.7  44.1  0.000
 68.6  44.1  0.000
 73.5  44.1  0.000
 78.4  44.1  0.000
 83.2  44.1  0.000
 88.1  44.1  0.000
 93.0  44.1  0.000
 97.9  44.1  0.000
102.8  44.1  0.000
107.7  44.1  0.000
112.6  44.1  9.254
117.5  44.1 12.008
122.4  44.1 14.246
127.2  44.1 15.136
132.1  44.1 14.616
137.0  44.1 13.260
141.9  44.1 11.710
146.8  44.1 10.192
151.7  44.1  0.000
156.6  44.1  0.000
161.4  44.1  0.000
166.3  44.1  0.000
171.2  44.1  0.000
176.1  44.1  0.000
181.0  44.1  0.000
185.9  44.1  0.000
190.8  44.1  0.000
195.7  44.1  0.000
200.6  44.1  0.000
205.4  44.1  0.000
210.3  44.1  0.000
215.2  44.1  0.000
220.1  44.1  0.000
225.0  44.1  0.000
229.9  44.1  0.000
234.8  44.1  0.000
239.6  44.1  0.000
244.5  44.1  0.000
  5.0  49.0  0.000
  9.9  49.0  0.000
 14.8  49.0  0.000
 19.7  49.0  0.000
 24.6  49.0  0.000
 29.5  49.0  0.000
 34.4  49.0  0.000
 39.3  49.0  0.000
 44.1  49.0  0.000
 49.0  49.0  0.000
 53.9  49.0  0.000
 58.8  49.0  0.000
 63.7  49.0  0.000
 68.6  49.0  0.000
 73.5  49.0  0.000
 78.4  49.0  0.000
 83.2  49.0  0.000
 88.1  49.0  0.000
 93.0  49.0  0.000
 97.9  49.0  0.000
102.8  49.0  0.000
107.7  49.0  9.863
112.6  49.0 11.768
117.5  49.0 14.045
122.4  49.0 15.644
127.2  49.0 15.863
132.1  49.0 14.850
137.0  49.0 13.367
141.9  49.0 12.058
146.8  49.0 10.900
151.7  49.0  9.329
156.6  49.0  0.000
161.4  49.0  0.000
166.3  49.0  0.000
171.2  49.0  0.000
176.1  49.0  0.000
181.0  49.0  0.000
185.9  49.0  0.000
190.8  49.0  0.000
195.7  49.0  0.000
200.6  49.0  0.000
205.4  49.0  0.000
210.3  49.0  0.000
215.2  49.0  0.000
220.1  49.0  0.000
225.0  49.0  0.000
229.9  49.0  0.000
234.8  49.0  0.000
239.6  49.0  0.000
244.5  49.0  0.000
  5.0  53.9  0.000
  9.9  53.9  0.000
 14.8  53.9  0.000
 19.7  53.9  0.000
 24.6  53.9  0.000
 29.5  53.9  0.000
 34.4  53.9  0.000
 39.3  53.9  0.000
 44.1  53.9  0.000
 49.0  53.9  0.000
 53.9  53.9  0.000
 58.8  53.9  0.000
 63.7  53.9  0.000
 68.6  53.9  0.000
 73.5  53.9  0.000
 78.4  53.9  0.000
 83.2  53.9  0.000
 88.1  53.9  0.000
 93.0  53.9  0.000
 97.9  53.9  9.208
102.8  53.9 10.229
107.7  53.9 11.187
112.6  53.9 12.454
117.5  53.9 13.704
122.4  53.9 14.226
127.2  53.9 13.652
132.1  53.9 12.388
137.0  53.9 11.304
141.9  53.9 10.921
146.8  53.9 10.862
151.7  53.9 10.080
156.6  53.9  0.000
161.4  53.9  0.000
166.3  53.9  0.000
171.2  53.9  0.000
176.1  53.9  0.000
181.0  53.9  0.000
185.9  53.9  0.000
190.8  53.9  0.000
195.7  53.9  0.000
200.6  53.9  0.000
205.4  53.9  0.000
210.3  53.9  0.000
215.2  53.9  0.000
220.1  53.9  0.000
225.0  53.9  0.000
229.9  53.9  0.000
234.8  53.9  0.000
239.6  53.9  0.000
244.5  53.9  0.000
  5.0  58.8  0.000
  9.9  58.8  0.000
 14.8  58.8  0.000
 19.7  58.8  0.000
 24.6  58.8  0.000
 29.5  58.8  0.000
 34.4  58.8  0.000
 39.3  58.8  0.000
 44.1  58.8  0.000
 49.0  58.8  0.000
 53.9  58.8  0.000
 58.8  58.8  0.000
 63.7  58.8  0.000
 68.6  58.8  0.000
 73.5  58.8  0.000
 78.4  58.8  0.000
 83.2  58.8  0.000
 88.1  58.8  0.000
 93.0  58.8  0.000
 97.9  58.8 10.338
102.8  58.8 11.898
107.7  58.8 12.728
112.6  58.8 13.354
117.5  58.8 13.776
122.4  58.8 13.599
127.2  58.8 12.662
132.1  58.8 11.469
137.0  58.8 10.902
141.9  58.8 11.417
146.8  58.8 12.452
151.7  58.8 12.670
156.6  58.8 10.877
161.4  58.8  0.000
166.3  58.8  0.000
171.2  58.8  0.000
176.1  58.8  0.000
181.0  58.8  0.000
185.9  58.8  0.000
190.8  58.8  0.000
195.7  58.8  0.000
200.6  58.8  0.000
205.4  58.8  0.000
210.3  58.8  0.000
215.2  58.8  0.000
220.1  58.8  0.000
225.0  58.8  0.000
229.9  58.8  0.000
234.8  58.8  0.000
239.6  58.8  0.000
244.5  58.8  0.000
  5.0  63.7  0.000
  9.9  63.7  0.000
 14.8  63.7  0.000
 19.7  63.7  0.000
 24.6  63.7  0.000
 29.5  63.7  0.000
 34.4  63.7  0.000
 39.3  63.7  0.000
 44.1  63.7  0.000
 49.0  63.7  0.000
 53.9  63.7  0.000
 58.8  63.7  0.000
 63.7  63.7  0.000
 68.6  63.7  0.000
 73.5  63.7  0.000
 78.4  63.7  0.000
 83.2  63.7  0.000
 88.1  63.7  0.000
 93.0  63.7  9.710
 97.9  63.7 12.917
102.8  63.7 14.474
107.7  63.7 15.047
112.6  63.7 15.463
117.5  63.7 15.957
122.4  63.7 16.147
127.2  63.7 15.675
132.1  63.7 14.813
137.0  63.7 14.366
141.9  63.7 14.925
146.8  63.7 16.155
151.7  63.7 16.813
156.6  63.7 15.556
161.4  63.7 11.954
166.3  63.7  0.000
171.2  63.7  0.000
176.1  63.7  0.000
181.0  63.7  0.000
185.9  63.7  0.000
190.8  63.7  0.000
195.7  63.7  0.000
200.6  63.7  0.000
205.4  63.7  0.000
210.3  63.7  0.000
215.2  63.7  0.000
220.1  63.7  0.000
225.0  63.7  0.000
229.9  63.7  0.000
234.8  63.7  0.000
239.6  63.7  0.000
244.5  63.7  0.000
  5.0  68.6  0.000
  9.9  68.6  0.000
 14.8  68.6  0.000
 19.7  68.6  0.000
 24.6  68.6  0.000
 29.5  68.6  0.000
 34.4  68.6  0.000
 39.3  68.6  0.000
 44.1  68.6  0.000
 49.0  68.6  0.000
 53.9  68.6  0.000
 58.8  68.6  0.000
 63.7  68.6  0.000
 68.6  68.6  0.000
 73.5  68.6  0.000
 78.4  68.6  0.000
 83.2  68.6  0.000
 88.1  68.6  0.000
 93.0  68.6  0.000
 97.9  68.6 10.498
102.8  68.6 12.025
107.7  68.6 12.985
112.6  68.6 13.934
117.5  68.6 14.926
122.4  68.6 15.537
127.2  68.6 15.388
132.1  68.6 14.626
137.0  68.6 13.884
141.9  68.6 13.706
146.8  68.6 13.984
151.7  68.6 13.897
156.6  68.6 12.460
161.4  68.6  9.272
166.3  68.6  0.000
171.2  68.6  0.000
176.1  68.6  0.000
181.0  68.6  0.000
185.9  68.6  0.000
190.8  68.6  0.000
195.7  68.6  0.000
200.6  68.6  0.000
205.4  68.6  0.000
210.3  68.6  0.000
215.2  68.6  0.000
220.1  68.6  0.000
225.0  68.6  0.000
229.9  68.6  0.000
234.8  68.6  0.000
239.6  68.6  0.000
244.5  68.6  0.000
  5.0  73.5  0.000
  9.9  73.5  0.000
 14.8  73.5  0.000
 19.7  73.5  0.000
 24.6  73.5  0.000
 29.5  73.5  0.000
 34.4  73.5  0.000
 39.3  73.5  0.000
 44.1  73.5  0.000
 49.0  73.5  0.000
 53.9  73.5  0.000
 58.8  73.5  0.000
 63.7  73.5  0.000
 68.6  73.5  0.000
 73.5  73.5  0.000
 78.4  73.5  0.000
 83.2  73.5  0.000
 88.1  73.5  0.000
 93.0  73.5  0.000
 97.9  73.5  9.306
102.8  73.5 10.872
107.7  73.5 12.091
112.6  73.5 13.371
117.5  73.5 14.688
122.4  73.5 15.620
127.2  73.5 15.766
132.1  73.5 15.157
137.0  73.5 14.268
141.9  73.5 13.617
146.8  73.5 13.285
151.7  73.5 12.770
156.6  73.5 11.316
161.4  73.5  0.000
166.3  73.5  0.000
171.2  73.5  0.000
176.1  73.5  0.000
181.0  73.5  0.000
185.9  73.5  0.000
190.8  73.5  0.000
195.7  73.5  0.000
200.6  73.5  0.000
205.4  73.5  0.000
210.3  73.5  0.000
215.2  73.5  0.000
220.1  73.5  0.000
225.0  73.5  0.000
229.9  73.5  0.000
234.8  73.5  0.000
239.6  73.5  0.000
244.5  73.5  0.000
  5.0  78.4  0.000
  9.9  78.4  0.000
 14.8  78.4  0.000
 19.7  78.4  0.000
 24.6  78.4  0.000
 29.5  78.4  0.000
 34.4  78.4  0.000
 39.3  78.4  0.000
 44.1  78.4  0.000
 49.0  78.4  0.000
 53.9  78.4  0.000
 58.8  78.4  0.000
 63.7  78.4  0.000
 68.6  78.4  0.000
 73.5  78.4  0.000
 78.4  78.4  0.000
 83.2  78.4  0.000
 88.1  78.4  0.000
 93.0  78.4  0.000
 97.9  78.4  0.000
102.8  78.4  0.000
107.7  78.4  9.764
112.6  78.4 11.615
117.5  78.4 13.730
122.4  78.4 15.511
127.2  78.4 16.316
132.1  78.4 15.905
137.0  78.4 14.594
141.9  78.4 13.012
146.8  78.4 11.631
151.7  78.4 10.423
156.6  78.4  0.000
161.4  78.4  0.000
166.3  78.4  0.000
171.2  78.4  0.000
176.1  78.4  0.000
181.0  78.4  0.000
185.9  78.4  0.000
190.8  78.4  0.000
195.7  78.4  0.000
200.6  78.4  0.000
205.4  78.4  0.000
210.3  78.4  0.000
215.2  78.4  0.000
220.1  78.4  0.000
225.0  78.4  0.000
229.9  78.4  0.000
234.8  78.4  0.000
239.6  78.4  0.000
244.5  78.4  0.000
  5.0  83.2  0.000
  9.9  83.2  0.000
 14.8  83.2  0.000
 19.7  83.2  0.000
 24.6  83.2  0.000
 29.5  83.2  0.000
 34.4  83.2  0.000
 39.3  83.2  0.000
 44.1  83.2  0.000
 49.0  83.2  0.000
 53.9  83.2  0.000
 58.8  83.2  0.000
 63.7  83.2  0.000
 68.6  83.2  0.000
 73.5  83.2  0.000
 78.4  83.2  0.000
 83.2  83.2  0.000
 88.1  83.2  0.000
 93.0  83.2  0.000
 97.9  83.2  0.000
102.8  83.2 11.278
107.7  83.2 13.217
112.6  83.2 14.672
117.5  83.2 15.567
122.4  83.2 15.906
127.2  83.2 15.791
132.1  83.2 15.389
137.0  83.2 14.870
141.9  83.2 14.332
146.8  83.2 13.735
151.7  83.2 12.862
156.6  83.2 11.365
161.4  83.2  0.000
166.3  83.2  0.000
171.2  83.2  0.000
176.1  83.2  0.000
181.0  83.2  0.000
185.9  83.2  0.000
190.8  83.2  0.000
195.7  83.2  0.000
200.6  83.2  0.000
205.4  83.2  0.000
210.3  83.2  0.000
215.2  83.2  0.000
220.1  83.2  0.000
225.0  83.2  0.000
229.9  83.2  0.000
234.8  83.2  0.000
239.6  83.2  0.000
244.5  83.2  0.000
  5.0  88.1  0.000
  9.9  88.1  0.000
 14.8  88.1  0.000
 19.7  88.1  0.000
 24.6  88.1  0.000
 29.5  88.1  0.000
 34.4  88.1  0.000
 39.3  88.1  0.000
 44.1  88.1  0.000
 49.0  88.1  0.000
 53.9  88.1  0.000
 58.8  88.1  0.000
 63.7  88.1  0.000
 68.6  88.1  0.000
 73.5  88.1  0.000
 78.4  88.1  0.000
 83.2  88.1  0.000
 88.1  88.1  0.000
 93.0  88.1  0.000
 97.9  88.1  9.212
102.8  88.1 12.402
107.7  88.1 14.890
112.6  88.1 16.132
117.5  88.1 16.076
122.4  88.1 15.233
127.2  88.1 14.343
132.1  88.1 13.906
137.0  88.1 13.938
141.9  88.1 14.093
146.8  88.1 13.964
151.7  88.1 13.273
156.6  88.1 11.851
161.4  88.1  9.600
166.3  88.1  0.000
171.2  88.1  0.000
176.1  88.1  0.000
181.0  88.1  0.000
185.9  88.1  0.000
190.8  88.1  0.000
195.7  88.1  0.000
200.6  88.1  0.000
205.4  88.1  0.000
210.3  88.1  0.000
215.2  88.1  0.000
220.1  88.1  0.000
225.0  88.1  0.000
229.9  88.1  0.000
234.8  88.1  0.000
239.6  88.1  0.000
244.5  88.1  0.000
  5.0  93.0  0.000
  9.9  93.0  0.000
 14.8  93.0  0.000
 19.7  93.0  0.000
 24.6  93.0  0.000
 29.5  93.0  0.000
 34.4  93.0  0.000
 39.3  93.0  0.000
 44.1  93.0  0.000
 49.0  93.0  0.000
 53.9  93.0  0.000
 58.8  93.0  0.000
 63.7  93.0  0.000
 68.6  93.0  0.000
 73.5  93.0  0.000
 78.4  93.0  0.000
 83.2  93.0  0.000
 88.1  93.0  0.000
 93.0  93.0  0.000
 97.9  93.0 12.671
102.8  93.0 16.202
107.7  93.0 18.795
112.6  93.0 19.883
117.5  93.0 19.505
122.4  93.0 18.379
127.2  93.0 17.461
132.1  93.0 17.326
137.0  93.0 17.859
141.9  93.0 18.454
146.8  93.0 18.502
151.7  93.0 17.699
156.6  93.0 16.004
161.4  93.0 13.435
166.3  93.0 10.046
171.2  93.0  0.000
176.1  93.0  0.000
181.0  93.0  0.000
185.9  93.0  0.000
190.8  93.0  0.000
195.7  93.0  0.000
200.6  93.0  0.000
205.4  93.0  0.000
210.3  93.0  0.000
215.2  93.0  0.000
220.1  93.0  0.000
225.0  93.0  0.000
229.9  93.0  0.000
234.8  93.0  0.000
239.6  93.0  0.000
244.5  93.0  0.000
  5.0  97.9  0.000
  9.9  97.9  0.000
 14.8  97.9  0.000
 19.7  97.9  0.000
 24.6  97.9  0.000
 29.5  97.9  0.000
 34.4  97.9  0.000
 39.3  97.9  0.000
 44.1  97.9  0.000
 49.0  97.9  0.000
 53.9  97.9  0.000
 58.8  97.9  0.000
 63.7  97.9  0.000
 68.6  97.9  0.000
 73.5  97.9  0.000
 78.4  97.9  0.000
 83.2  97.9  0.000
 88.1  97.9  0.000
 93.0  97.9  9.490
 97.9  97.9 12.954
102.8  97.9 16.223
107.7  97.9 18.784
112.6  97.9 20.194
117.5  97.9 20.433
122.4  97.9 20.013
127.2  97.9 19.667
132.1  97.9 19.826
137.0  97.9 20.337
141.9  97.9 20.643
146.8  97.9 20.247
151.7  97.9 19.010
156.6  97.9 17.054
161.4  97.9 14.465
166.3  97.9 11.175
171.2  97.9  0.000
176.1  97.9  0.000
181.0  97.9  0.000
185.9  97.9  0.000
190.8  97.9  0.000
195.7  97.9  0.000
200.6  97.9  0.000
205.4  97.9  0.000
210.3  97.9  0.000
215.2  97.9  0.000
220.1  97.9  0.000
225.0  97.9  0.000
229.9  97.9  0.000
234.8  97.9  0.000
239.6  97.9  0.000
244.5  97.9  0.000
  5.0 102.8  0.000
  9.9 102.8  0.000
 14.8 102.8  0.000
 19.7 102.8  0.000
 24.6 102.8  0.000
 29.5 102.8  0.000
 34.4 102.8  0.000
 39.3 102.8  0.000
 44.1 102.8  0.000
 49.0 102.8  0.000
 53.9 102.8  0.000
 58.8 102.8  0.000
 63.7 102.8  0.000
 68.6 102.8  0.000
 73.5 102.8  0.000
 78.4 102.8  0.000
 83.2 102.8  0.000
 88.1 102.8  0.000
 93.0 102.8  0.000
 97.9 102.8 11.611
102.8 102.8 14.539
107.7 102.8 17.078
112.6 102.8 18.949
117.5 102.8 20.007
122.4 102.8 20.420
127.2 102.8 20.585
132.1 102.8 20.805
137.0 102.8 21.022
141.9 102.8 20.886
146.8 102.8 20.091
151.7 102.8 18.631
156.6 102.8 16.726
161.4 102.8 14.496
166.3 102.8 11.763
171.2 102.8  0.000
176.1 102.8  0.000
181.0 102.8  0.000
185.9 102.8  0.000
190.8 102.8  0.000
195.7 102.8  0.000
200.6 102.8  0.000
205.4 102.8  0.000
210.3 102.8  0.000
215.2 102.8  0.000
220.1 102.8  0.000
225.0 102.8  0.000
229.9 102.8  0.000
234.8 102.8  0.000
239.6 102.8  0.000
244.5 102.8  0.000
  5.0 107.7  0.000
  9.9 107.7  0.000
 14.8 107.7  0.000
 19.7 107.7  0.000
 24.6 107.7  0.000
 29.5 107.7  0.000
 34.4 107.7  0.000
 39.3 107.7  0.000
 44.1 107.7  0.000
 49.0 107.7  0.000
 53.9 107.7  0.000
 58.8 107.7  0.000
 63.7 107.7  0.000
 68.6 107.7  0.000
 73.5 107.7  0.000
 78.4 107.7  0.000
 83.2 107.7  0.000
 88.1 107.7  0.000
 93.0 107.7  0.000
 97.9 107.7 11.523
102.8 107.7 14.491
107.7 107.7 17.061
112.6 107.7 19.065
117.5 107.7 20.323
122.4 107.7 20.862
127.2 107.7 20.982
132.1 107.7 21.041
137.0 107.7 21.145
141.9 107.7 21.065
146.8 107.7 20.474
151.7 107.7 19.280
156.6 107.7 17.676
161.4 107.7 15.860
166.3 107.7 13.713
171.2 107.7 10.811
176.1 107.7  0.000
181.0 107.7  0.000
185.9 107.7  0.000
190.8 107.7  0.000
195.7 107.7  0.000
200.6 107.7  0.000
205.4 107.7  0.000
210.3 107.7  0.000
215.2 107.7  0.000
220.1 107.7  0.000
225.0 107.7  0.000
229.9 107.7  0.000
234.8 107.7  0.000
239.6 107.7  0.000
244.5 107.7  0.000
  5.0 112.6  0.000
  9.9 112.6  0.000
 14.8 112.6  0.000
 19.7 112.6  0.000
 24.6 112.6  0.000
 29.5 112.6  0.000
 34.4 112.6  0.000
 39.3 112.6  0.000
 44.1 112.6  0.000
 49.0 112.6  0.000
 53.9 112.6  0.000
 58.8 112.6  0.000
 63.7 112.6  0.000
 68.6 112.6  0.000
 73.5 112.6  0.000
 78.4 112.6  0.000
 83.2 112.6  0.000
 88.1 112.6  0.000
 93.0 112.6  9.655
 97.9 112.6 13.602
102.8 112.6 16.903
107.7 112.6 19.437
112.6 112.6 21.084
117.5 112.6 21.795
122.4 112.6 21.768
127.2 112.6 21.499
132.1 112.6 21.525
137.0 112.6 22.021
141.9 112.6 22.637
146.8 112.6 22.770
151.7 112.6 22.053
156.6 112.6 20.610
161.4 112.6 18.819
166.3 112.6 16.820
171.2 112.6 14.289
176.1 112.6 10.744
181.0 112.6  0.000
185.9 112.6  0.000
190.8 112.6  0.000
195.7 112.6  0.000
200.6 112.6  0.000
205.4 112.6  0.000
210.3 112.6  0.000
215.2 112.6  0.000
220.1 112.6  0.000
225.0 112.6  0.000
229.9 112.6  0.000
234.8 112.6  0.000
239.6 112.6  0.000
244.5 112.6  0.000
  5.0 117.5  0.000
  9.9 117.5  0.000
 14.8 117.5  0.000
 19.7 117.5  0.000
 24.6 117.5  0.000
 29.5 117.5  0.000
 34.4 117.5  0.000
 39.3 117.5  0.000
 44.1 117.5  0.000
 49.0 117.5  0.000
 53.9 117.5  0.000
 58.8 117.5  0.000
 63.7 117.5  0.000
 68.6 117.5  0.000
 73.5 117.5  0.000
 78.4 117.5  0.000
 83.2 117.5  0.000
 88.1 117.5  0.000
 93.0 117.5 11.788
 97.9 117.5 16.088
102.8 117.5 19.584
107.7 117.5 21.943
112.6 117.5 23.046
117.5 117.5 23.064
122.4 117.5 22.514
127.2 117.5 22.142
132.1 117.5 22.551
137.0 117.5 23.779
141.9 117.5 25.199
146.8 117.5 25.912
151.7 117.5 25.368
156.6 117.5 23.709
161.4 117.5 21.531
166.3 117.5 19.270
171.2 117.5 16.799
176.1 117.5 13.615
181.0 117.5  9.470
185.9 117.5  0.000
190.8 117.5  0.000
195.7 117.5  0.000
200.6 117.5  0.000
205.4 117.5  0.000
210.3 117.5  0.000
215.2 117.5  0.000
220.1 117.5  0.000
225.0 117.5  0.000
229.9 117.5  0.000
234.8 117.5  0.000
239.6 117.5  0.000
244.5 117.5  0.000
  5.0 122.4  0.000
  9.9 122.4  0.000
 14.8 122.4  0.000
 19.7 122.4  0.000
 24.6 122.4  0.000
 29.5 122.4  0.000
 34.4 122.4  0.000
 39.3 122.4  0.000
 44.1 122.4  0.000
 49.0 122.4  0.000
 53.9 122.4  0.000
 58.8 122.4  0.000
 63.7 122.4  0.000
 68.6 122.4  0.000
 73.5 122.4  0.000
 78.4 122.4  0.000
 83.2 122.4  0.000
 88.1 122.4  9.517
 93.0 122.4 13.570
 97.9 122.4 17.626
102.8 122.4 21.043
107.7 122.4 23.261
112.6 122.4 24.110
117.5 122.4 23.935
122.4 122.4 23.484
127.2 122.4 23.554
132.1 122.4 24.551
137.0 122.4 26.211
141.9 122.4 27.716
146.8 122.4 28.191
151.7 122.4 27.254
156.6 122.4 25.207
161.4 122.4 22.718
166.3 122.4 20.251
171.2 122.4 17.742
176.1 122.4 14.802
181.0 122.4 11.246
185.9 122.4  0.000
190.8 122.4  0.000
195.7 122.4  0.000
200.6 122.4  0.000
205.4 122.4  0.000
210.3 122.4  0.000
215.2 122.4  0.000
220.1 122.4  0.000
225.0 122.4  0.000
229.9 122.4  0.000
234.8 122.4  0.000
239.6 122.4  0.000
244.5 122.4  0.000
  5.0 127.2  0.000
  9.9 127.2  0.000
 14.8 127.2  0.000
 19.7 127.2  0.000
 24.6 127.2  0.000
 29.5 127.2  0.000
 34.4 127.2  0.000
 39.3 127.2  0.000
 44.1 127.2  0.000
 49.0 127.2  0.000
 53.9 127.2  0.000
 58.8 127.2  0.000
 63.7 127.2  0.000
 68.6 127.2  0.000
 73.5 127.2  0.000
 78.4 127.2  0.000
 83.2 127.2 10.114
 88.1 127.2 12.541
 93.0 127.2 15.649
 97.9 127.2 19.289
102.8 127.2 22.707
107.7 127.2 25.093
112.6 127.2 26.161
117.5 127.2 26.332
122.4 127.2 26.420
127.2 127.2 27.045
132.1 127.2 28.227
137.0 127.2 29.393
141.9 127.2 29.812
146.8 127.2 29.091
151.7 127.2 27.395
156.6 127.2 25.236
161.4 127.2 23.033
166.3 127.2 20.815
171.2 127.2 18.311
176.1 127.2 15.330
181.0 127.2 12.097
185.9 127.2  9.199
190.8 127.2  0.000
195.7 127.2  0.000
200.6 127.2  0.000
205.4 127.2  0.000
210.3 127.2  0.000
215.2 127.2  0.000
220.1 127.2  0.000
225.0 127.2  0.000
229.9 127.2  0.000
234.8 127.2  0.000
239.6 127.2  0.000
244.5 127.2  0.000
  5.0 132.1  0.000
  9.9 132.1  0.000
 14.8 132.1  0.000
 19.7 132.1  0.000
 24.6 132.1  0.000
 29.5 132.1  0.000
 34.4 132.1  0.000
 39.3 132.1  0.000
 44.1 132.1  0.000
 49.0 132.1  0.000
 53.9 132.1  0.000
 58.8 132.1  0.000
 63.7 132.1  0.000
 68.6 132.1  0.000
 73.5 132.1 10.467
 78.4 132.1 13.044
 83.2 132.1 14.600
 88.1 132.1 16.211
 93.0 132.1 18.833
 97.9 132.1 22.492
102.8 132.1 26.287
107.7 132.1 29.134
112.6 132.1 30.598
117.5 132.1 31.126
122.4 132.1 31.531
127.2 132.1 32.212
132.1 132.1 32.813
137.0 132.1 32.592
141.9 132.1 31.146
146.8 132.1 28.829
151.7 132.1 26.494
156.6 132.1 24.767
161.4 132.1 23.522
166.3 132.1 22.010
171.2 132.1 19.556
176.1 132.1 16.227
181.0 132.1 12.887
185.9 132.1 10.567
190.8 132.1  9.657
195.7 132.1  9.594
200.6 132.1  9.259
205.4 132.1  0.000
210.3 132.1  0.000
215.2 132.1  0.000
220.1 132.1  0.000
225.0 132.1  0.000
229.9 132.1  0.000
234.8 132.1  0.000
239.6 132.1  0.000
244.5 132.1  0.000
  5.0 137.0  0.000
  9.9 137.0  0.000
 14.8 137.0  0.000
 19.7 137.0  0.000
 24.6 137.0  0.000
 29.5 137.0  0.000
 34.4 137.0  0.000
 39.3 137.0  0.000
 44.1 137.0  0.000
 49.0 137.0  0.000
 53.9 137.0  0.000
 58.8 137.0  0.000
 63.7 137.0  0.000
 68.6 137.0  9.036
 73.5 137.0 13.452
 78.4 137.0 16.244
 83.2 137.0 17.763
 88.1 137.0 19.293
 93.0 137.0 22.010
 97.9 137.0 26.011
102.8 137.0 30.259
107.7 137.0 33.445
112.6 137.0 35.014
117.5 137.0 35.448
122.4 137.0 35.600
127.2 137.0 35.767
132.1 137.0 35.395
137.0 137.0 33.710
141.9 137.0 30.663
146.8 137.0 27.246
151.7 137.0 24.813
156.6 137.0 23.954
161.4 137.0 23.942
166.3 137.0 23.288
171.2 137.0 20.975
176.1 137.0 17.338
181.0 137.0 13.829
185.9 137.0 11.860
190.8 137.0 11.674
195.7 137.0 12.174
200.6 137.0 11.799
205.4 137.0  9.741
210.3 137.0  0.000
215.2 137.0  0.000
220.1 137.0  0.000
225.0 137.0  0.000
229.9 137.0  0.000
234.8 137.0  0.000
239.6 137.0  0.000
244.5 137.0  0.000
  5.0 141.9  0.000
  9.9 141.9  0.000
 14.8 141.9  0.000
 19.7 141.9  0.000
 24.6 141.9  0.000
 29.5 141.9  0.000
 34.4 141.9  0.000
 39.3 141.9  0.000
 44.1 141.9  0.000
 49.0 141.9  0.000
 53.9 141.9  0.000
 58.8 141.9  0.000
 63.7 141.9  0.000
 68.6 141.9  0.000
 73.5 141.9 13.752
 78.4 141.9 16.922
 83.2 141.9 18.725
 88.1 141.9 20.364
 93.0 141.9 23.050
 97.9 141.9 26.977
102.8 141.9 31.135
107.7 141.9 34.162
112.6 141.9 35.445
117.5 141.9 35.473
122.4 141.9 35.151
127.2 141.9 34.800
132.1 141.9 33.849
137.0 141.9 31.566
141.9 141.9 28.074
146.8 141.9 24.612
151.7 141.9 22.662
156.6 141.9 22.680
161.4 141.9 23.591
166.3 141.9 23.583
171.2 141.9 21.575
176.1 141.9 18.105
181.0 141.9 14.874
185.9 141.9 13.322
190.8 141.9 13.435
195.7 141.9 13.789
200.6 141.9 12.739
205.4 141.9  9.752
210.3 141.9  0.000
215.2 141.9  0.000
220.1 141.9  0.000
225.0 141.9  0.000
229.9 141.9  0.000
234.8 141.9  0.000
239.6 141.9  0.000
244.5 141.9  0.000
  5.0 146.8  0.000
  9.9 146.8  0.000
 14.8 146.8  0.000
 19.7 146.8  0.000
 24.6 146.8  0.000
 29.5 146.8  0.000
 34.4 146.8  0.000
 39.3 146.8  0.000
 44.1 146.8  0.000
 49.0 146.8  0.000
 53.9 146.8  0.000
 58.8 146.8  0.000
 63.7 146.8  0.000
 68.6 146.8  0.000
 73.5 146.8 13.253
 78.4 146.8 16.640
 83.2 146.8 18.550
 88.1 146.8 19.906
 93.0 146.8 21.898
 97.9 146.8 24.954
102.8 146.8 28.358
107.7 146.8 30.909
112.6 146.8 31.962
117.5 146.8 31.888
122.4 146.8 31.519
127.2 146.8 31.203
132.1 146.8 30.464
137.0 146.8 28.640
141.9 146.8 25.828
146.8 146.8 23.121
151.7 146.8 21.797
156.6 146.8 22.170
161.4 146.8 23.199
166.3 146.8 23.283
171.2 146.8 21.574
176.1 146.8 18.683
181.0 146.8 16.123
185.9 146.8 14.968
190.8 146.8 14.887
195.7 146.8 14.414
200.6 146.8 12.190
205.4 146.8  0.000
210.3 146.8  0.000
215.2 146.8  0.000
220.1 146.8  0.000
225.0 146.8  0.000
229.9 146.8  0.000
234.8 146.8  0.000
239.6 146.8  0.000
244.5 146.8  0.000
  5.0 151.7  0.000
  9.9 151.7  0.000
 14.8 151.7  0.000
 19.7 151.7  0.000
 24.6 151.7  0.000
 29.5 151.7  0.000
 34.4 151.7  0.000
 39.3 151.7  0.000
 44.1 151.7  0.000
 49.0 151.7  0.000
 53.9 151.7  0.000
 58.8 151.7  0.000
 63.7 151.7  0.000
 68.6 151.7  9.679
 73.5 151.7 14.201
 78.4 151.7 17.567
 83.2 151.7 19.404
 88.1 151.7 20.279
 93.0 151.7 21.327
 97.9 151.7 23.289
102.8 151.7 26.028
107.7 151.7 28.896
112.6 151.7 30.677
117.5 151.7 31.535
122.4 151.7 32.057
127.2 151.7 32.508
132.1 151.7 32.563
137.0 151.7 31.701
141.9 151.7 29.926
146.8 151.7 27.895
151.7 151.7 26.354
156.6 151.7 25.976
161.4 151.7 25.855
166.3 151.7 24.742
171.2 151.7 22.538
176.1 151.7 19.978
181.0 151.7 17.838
185.9 151.7 16.470
190.8 151.7 15.183
195.7 151.7 13.432
200.6 151.7 10.206
205.4 151.7  0.000
210.3 151.7  0.000
215.2 151.7  0.000
220.1 151.7  0.000
225.0 151.7  0.000
229.9 151.7  0.000
234.8 151.7  0.000
239.6 151.7  0.000
244.5 151.7  0.000
  5.0 156.6  0.000
  9.9 156.6  0.000
 14.8 156.6  0.000
 19.7 156.6  0.000
 24.6 156.6  0.000
 29.5 156.6  0.000
 34.4 156.6  0.000
 39.3 156.6  0.000
 44.1 156.6  0.000
 49.0 156.6  0.000
 53.9 156.6  0.000
 58.8 156.6  0.000
 63.7 156.6 10.515
 68.6 156.6 14.231
 73.5 156.6 18.128
 78.4 156.6 21.443
 83.2 156.6 23.523
 88.1 156.6 24.500
 93.0 156.6 25.321
 97.9 156.6 26.973
102.8 156.6 30.127
107.7 156.6 30.277
112.6 156.6 32.380
117.5 156.6 33.430
122.4 156.6 34.075
127.2 156.6 34.411
132.1 156.6 34.102
137.0 156.6 32.781
141.9 156.6 30.612
146.8 156.6 27.907
151.7 156.6 27.744
156.6 156.6 26.186
161.4 156.6 24.745
166.3 156.6 24.058
171.2 156.6 21.996
176.1 156.6 18.201
181.0 156.6 15.107
185.9 156.6 12.321
190.8 156.6 13.036
195.7 156.6  9.986
200.6 156.6  0.000
205.4 156.6  0.000
210.3 156.6  0.000
215.2 156.6  0.000
220.1 156.6  0.000
225.0 156.6  0.000
229.9 156.6  0.000
234.8 156.6  0.000
239.6 156.6  0.000
244.5 156.6  0.000
  5.0 161.4  0.000
  9.9 161.4  0.000
 14.8 161.4  0.000
 19.7 161.4  0.000
 24.6 161.4  0.000
 29.5 161.4  0.000
 34.4 161.4  0.000
 39.3 161.4  0.000
 44.1 161.4  0.000
 49.0 161.4  0.000
 53.9 161.4  0.000
 58.8 161.4  0.000
 63.7 161.4  9.316
 68.6 161.4 12.713
 73.5 161.4 16.302
 78.4 161.4 19.493
 83.2 161.4 21.771
 88.1 161.4 23.236
 93.0 161.4 24.572
 97.9 161.4 26.411
102.8 161.4 28.893
107.7 161.4 31.783
112.6 161.4 34.063
117.5 161.4 35.706
122.4 161.4 36.860
127.2 161.4 37.464
132.1 161.4 37.219
137.0 161.4 35.915
141.9 161.4 33.812
146.8 161.4 30.610
151.7 161.4 31.376
156.6 161.4 28.477
161.4 161.4 25.478
166.3 161.4 24.778
171.2 161.4 23.380
176.1 161.4 18.713
181.0 161.4 14.864
185.9 161.4 11.184
190.8 161.4  0.000
195.7 161.4  0.000
200.6 161.4  0.000
205.4 161.4  0.000
210.3 161.4  0.000
215.2 161.4  0.000
220.1 161.4  0.000
225.0 161.4  0.000
229.9 161.4  0.000
234.8 161.4  0.000
239.6 161.4  0.000
244.5 161.4  0.000
  5.0 166.3  0.000
  9.9 166.3  0.000
 14.8 166.3  0.000
 19.7 166.3  0.000
 24.6 166.3  0.000
 29.5 166.3  0.000
 34.4 166.3  0.000
 39.3 166.3  0.000
 44.1 166.3  0.000
 49.0 166.3  0.000
 53.9 166.3  0.000
 58.8 166.3  0.000
 63.7 166.3  9.592
 68.6 166.3 12.612
 73.5 166.3 15.852
 78.4 166.3 18.916
 83.2 166.3 21.360
 88.1 166.3 23.187
 93.0 166.3 24.843
 97.9 166.3 26.744
102.8 166.3 28.862
107.7 166.3 30.835
112.6 166.3 32.378
117.5 166.3 33.494
122.4 166.3 34.234
127.2 166.3 34.391
132.1 166.3 33.574
137.0 166.3 31.651
141.9 166.3 29.077
146.8 166.3 24.887
151.7 166.3 28.973
156.6 166.3 25.025
161.4 166.3 21.394
166.3 166.3 25.315
171.2 166.3 18.605
176.1 166.3 13.746
181.0 166.3  9.162
185.9 166.3  0.000
190.8 166.3  0.000
195.7 166.3  0.000
200.6 166.3  0.000
205.4 166.3  0.000
210.3 166.3  0.000
215.2 166.3  0.000
220.1 166.3  0.000
225.0 166.3  0.000
229.9 166.3  0.000
234.8 166.3  0.000
239.6 166.3  0.000
244.5 166.3  0.000
  5.0 171.2  0.000
  9.9 171.2  0.000
 14.8 171.2  0.000
 19.7 171.2  0.000
 24.6 171.2  0.000
 29.5 171.2  0.000
 34.4 171.2  0.000
 39.3 171.2  0.000
 44.1 171.2  0.000
 49.0 171.2  0.000
 53.9 171.2  0.000
 58.8 171.2  0.000
 63.7 171.2  9.790
 68.6 171.2 12.433
 73.5 171.2 15.335
 78.4 171.2 18.275
 83.2 171.2 20.887
 88.1 171.2 23.076
 93.0 171.2 25.054
 97.9 171.2 27.016
102.8 171.2 28.877
107.7 171.2 30.412
112.6 171.2 31.551
117.5 171.2 32.407
122.4 171.2 32.963
127.2 171.2 32.860
132.1 171.2 31.635
137.0 171.2 29.242
141.9 171.2 26.292
146.8 171.2 21.611
151.7 171.2 30.796
156.6 171.2 25.704
161.4 171.2 21.887
166.3 171.2 16.645
171.2 171.2 12.053
176.1 171.2  0.000
181.0 171.2  0.000
185.9 171.2  0.000
190.8 171.2  0.000
195.7 171.2  0.000
200.6 171.2  0.000
205.4 171.2  0.000
210.3 171.2  0.000
215.2 171.2  0.000
220.1 171.2  0.000
225.0 171.2  0.000
229.9 171.2  0.000
234.8 171.2  0.000
239.6 171.2  0.000
244.5 171.2  0.000
  5.0 176.1  0.000
  9.9 176.1  0.000
 14.8 176.1  0.000
 19.7 176.1  0.000
 24.6 176.1  0.000
 29.5 176.1  0.000
 34.4 176.1  0.000
 39.3 176.1  0.000
 44.1 176.1  0.000
 49.0 176.1  0.000
 53.9 176.1  0.000
 58.8 176.1  0.000
 63.7 176.1 10.901
 68.6 176.1 12.793
 73.5 176.1 15.077
 78.4 176.1 17.827
 83.2 176.1 20.725
 88.1 176.1 23.456
 93.0 176.1 25.886
 97.9 176.1 27.942
102.8 176.1 29.518
107.7 176.1 30.595
112.6 176.1 31.358
117.5 176.1 32.019
122.4 176.1 32.456
127.2 176.1 32.123
132.1 176.1 30.488
137.0 176.1 27.616
141.9 176.1 24.283
146.8 176.1 20.919
151.7 176.1 16.961
156.6 176.1 14.642
161.4 176.1 12.331
166.3 176.1  9.330
171.2 176.1  0.000
176.1 176.1  0.000
181.0 176.1  0.000
185.9 176.1  0.000
190.8 176.1  0.000
195.7 176.1  0.000
200.6 176.1  0.000
205.4 176.1  0.000
210.3 176.1  0.000
215.2 176.1  0.000
220.1 176.1  0.000
225.0 176.1  0.000
229.9 176.1  0.000
234.8 176.1  0.000
239.6 176.1  0.000
244.5 176.1  0.000
  5.0 181.0  0.000
  9.9 181.0  0.000
 14.8 181.0  0.000
 19.7 181.0  0.000
 24.6 181.0  0.000
 29.5 181.0  0.000
 34.4 181.0  0.000
 39.3 181.0  0.000
 44.1 181.0  0.000
 49.0 181.0  0.000
 53.9 181.0  0.000
 58.8 181.0  0.000
 63.7 181.0  0.000
 68.6 181.0 10.783
 73.5 181.0 14.756
 78.4 181.0 17.590
 83.2 181.0 20.315
 88.1 181.0 22.933
 93.0 181.0 25.459
 97.9 181.0 27.724
102.8 181.0 29.421
107.7 181.0 30.418
112.6 181.0 30.941
117.5 181.0 31.309
122.4 181.0 31.457
127.2 181.0 30.811
132.1 181.0 28.784
137.0 181.0 25.431
141.9 181.0 21.570
146.8 181.0 17.945
151.7 181.0 14.499
156.6 181.0  9.950
161.4 181.0  0.000
166.3 181.0  0.000
171.2 181.0  0.000
176.1 181.0  0.000
181.0 181.0  0.000
185.9 181.0  0.000
190.8 181.0  0.000
195.7 181.0  0.000
200.6 181.0  0.000
205.4 181.0  0.000
210.3 181.0  0.000
215.2 181.0  0.000
220.1 181.0  0.000
225.0 181.0  0.000
229.9 181.0  0.000
234.8 181.0  0.000
239.6 181.0  0.000
244.5 181.0  0.000
  5.0 185.9  0.000
  9.9 185.9  0.000
 14.8 185.9  0.000
 19.7 185.9  0.000
 24.6 185.9  0.000
 29.5 185.9  0.000
 34.4 185.9  0.000
 39.3 185.9  0.000
 44.1 185.9  0.000
 49.0 185.9  0.000
 53.9 185.9  0.000
 58.8 185.9  0.000
 63.7 185.9  0.000
 68.6 185.9 11.074
 73.5 185.9 14.435
 78.4 185.9 17.353
 83.2 185.9 19.905
 88.1 185.9 22.409
 93.0 185.9 25.032
 97.9 185.9 27.506
102.8 185.9 29.323
107.7 185.9 30.241
112.6 185.9 30.524
117.5 185.9 30.600
122.4 185.9 30.457
127.2 185.9 29.498
132.1 185.9 27.081
137.0 185.9 23.246
141.9 185.9 18.858
146.8 185.9 14.972
151.7 185.9 12.036
156.6 185.9  9.688
161.4 185.9  0.000
166.3 185.9  0.000
171.2 185.9  0.000
176.1 185.9  0.000
181.0 185.9  0.000
185.9 185.9  0.000
190.8 185.9  0.000
195.7 185.9  0.000
200.6 185.9  0.000
205.4 185.9  0.000
210.3 185.9  0.000
215.2 185.9  0.000
220.1 185.9  0.000
225.0 185.9  0.000
229.9 185.9  0.000
234.8 185.9  0.000
239.6 185.9  0.000
244.5 185.9  0.000
  5.0 190.8  0.000
  9.9 190.8  0.000
 14.8 190.8  0.000
 19.7 190.8  0.000
 24.6 190.8  0.000
 29.5 190.8  0.000
 34.4 190.8  0.000
 39.3 190.8  0.000
 44.1 190.8  0.000
 49.0 190.8  0.000
 53.9 190.8  0.000
 58.8 190.8  0.000
 63.7 190.8  0.000
 68.6 190.8 10.768
 73.5 190.8 14.075
 78.4 190.8 15.349
 83.2 190.8 17.874
 88.1 190.8 20.492
 93.0 190.8 23.250
 97.9 190.8 25.798
102.8 190.8 27.649
107.7 190.8 28.628
112.6 190.8 29.019
117.5 190.8 29.205
122.4 190.8 29.150
127.2 190.8 28.313
132.1 190.8 26.128
137.0 190.8 22.601
141.9 190.8 18.423
146.8 190.8 14.471
151.7 190.8 11.205
156.6 190.8  9.991
161.4 190.8  0.000
166.3 190.8  0.000
171.2 190.8  0.000
176.1 190.8  0.000
181.0 190.8  0.000
185.9 190.8  0.000
190.8 190.8  0.000
195.7 190.8  0.000
200.6 190.8  0.000
205.4 190.8  0.000
210.3 190.8  0.000
215.2 190.8  0.000
220.1 190.8  0.000
225.0 190.8  0.000
229.9 190.8  0.000
234.8 190.8  0.000
239.6 190.8  0.000
244.5 190.8  0.000
  5.0 195.7  0.000
  9.9 195.7  0.000
 14.8 195.7  0.000
 19.7 195.7  0.000
 24.6 195.7  0.000
 29.5 195.7  0.000
 34.4 195.7  0.000
 39.3 195.7  0.000
 44.1 195.7  0.000
 49.0 195.7  0.000
 53.9 195.7  0.000
 58.8 195.7  0.000
 63.7 195.7  0.000
 68.6 195.7  0.000
 73.5 195.7 10.883
 78.4 195.7 13.345
 83.2 195.7 15.843
 88.1 195.7 18.575
 93.0 195.7 21.467
 97.9 195.7 24.090
102.8 195.7 25.976
107.7 195.7 27.016
112.6 195.7 27.514
117.5 195.7 27.809
122.4 195.7 27.842
127.2 195.7 27.128
132.1 195.7 25.174
137.0 195.7 21.956
141.9 195.7 17.988
146.8 195.7 13.971
151.7 195.7 10.374
156.6 195.7  0.000
161.4 195.7  0.000
166.3 195.7  0.000
171.2 195.7  0.000
176.1 195.7  0.000
181.0 195.7  0.000
185.9 195.7  0.000
190.8 195.7  0.000
195.7 195.7  0.000
200.6 195.7  0.000
205.4 195.7  0.000
210.3 195.7  0.000
215.2 195.7  0.000
220.1 195.7  0.000
225.0 195.7  0.000
229.9 195.7  0.000
234.8 195.7  0.000
239.6 195.7  0.000
244.5 195.7  0.000
  5.0 200.6  0.000
  9.9 200.6  0.000
 14.8 200.6  0.000
 19.7 200.6  0.000
 24.6 200.6  0.000
 29.5 200.6  0.000
 34.4 200.6  0.000
 39.3 200.6  0.000
 44.1 200.6  0.000
 49.0 200.6  0.000
 53.9 200.6  0.000
 58.8 200.6  0.000
 63.7 200.6  0.000
 68.6 200.6  0.000
 73.5 200.6  0.000
 78.4 200.6  0.000
 83.2 200.6  9.334
 88.1 200.6 11.836
 93.0 200.6 14.332
 97.9 200.6 16.342
102.8 200.6 17.555
107.7 200.6 18.055
112.6 200.6 18.215
117.5 200.6 18.316
122.4 200.6 18.273
127.2 200.6 17.708
132.1 200.6 16.277
137.0 200.6 13.919
141.9 200.6 10.885
146.8 200.6  0.000
151.7 200.6  0.000
156.6 200.6  0.000
161.4 200.6  0.000
166.3 200.6  0.000
171.2 200.6  0.000
176.1 200.6  0.000
181.0 200.6  0.000
185.9 200.6  0.000
190.8 200.6  0.000
195.7 200.6  0.000
200.6 200.6  0.000
205.4 200.6  0.000
210.3 200.6  0.000
215.2 200.6  0.000
220.1 200.6  0.000
225.0 200.6  0.000
229.9 200.6  0.000
234.8 200.6  0.000
239.6 200.6  0.000
244.5 200.6  0.000
  5.0 205.4  0.000
  9.9 205.4  0.000
 14.8 205.4  0.000
 19.7 205.4  0.000
 24.6 205.4  0.000
 29.5 205.4  0.000
 34.4 205.4  0.000
 39.3 205.4  0.000
 44.1 205.4  0.000
 49.0 205.4  0.000
 53.9 205.4  0.000
 58.8 205.4  0.000
 63.7 205.4  0.000
 68.6 205.4  0.000
 73.5 205.4  0.000
 78.4 205.4  0.000
 83.2 205.4  0.000
 88.1 205.4  0.000
 93.0 205.4  0.000
 97.9 205.4  9.470
102.8 205.4 10.464
107.7 205.4 10.915
112.6 205.4 11.138
117.5 205.4 11.242
122.4 205.4 11.069
127.2 205.4 10.373
132.1 205.4  9.034
137.0 205.4  0.000
141.9 205.4  0.000
146.8 205.4  0.000
151.7 205.4  0.000
156.6 205.4  0.000
161.4 205.4  0.000
166.3 205.4  0.000
171.2 205.4  0.000
176.1 205.4  0.000
181.0 205.4  0.000
185.9 205.4  0.000
190.8 205.4  0.000
195.7 205.4  0.000
200.6 205.4  0.000
205.4 205.4  0.000
210.3 205.4  0.000
215.2 205.4  0.000
220.1 205.4  0.000
225.0 205.4  0.000
229.9 205.4  0.000
234.8 205.4  0.000
239.6 205.4  0.000
244.5 205.4  0.000
  5.0 210.3  0.000
  9.9 210.3  0.000
 14.8 210.3  0.000
 19.7 210.3  0.000
 24.6 210.3  0.000
 29.5 210.3  0.000
 34.4 210.3  0.000
 39.3 210.3  0.000
 44.1 210.3  0.000
 49.0 210.3  0.000
 53.9 210.3  0.000
 58.8 210.3  0.000
 63.7 210.3  0.000
 68.6 210.3  0.000
 73.5 210.3  0.000
 78.4 210.3  0.000
 83.2 210.3  0.000
 88.1 210.3  0.000
 93.0 210.3  0.000
 97.9 210.3  0.000
102.8 210.3  0.000
107.7 210.3  0.000
112.6 210.3  9.078
117.5 210.3  9.475
122.4 210.3  9.197
127.2 210.3  0.000
132.1 210.3  0.000
137.0 210.3  0.000
141.9 210.3  0.000
146.8 210.3  0.000
151.7 210.3  0.000
156.6 210.3  0.000
161.4 210.3  0.000
166.3 210.3  0.000
171.2 210.3  0.000
176.1 210.3  0.000
181.0 210.3  0.000
185.9 210.3  0.000
190.8 210.3  0.000
195.7 210.3  0.000
200.6 210.3  0.000
205.4 210.3  0.000
210.3 210.3  0.000
215.2 210.3  0.000
220.1 210.3  0.000
225.0 210.3  0.000
229.9 210.3  0.000
234.8 210.3  0.000
239.6 210.3  0.000
244.5 210.3  0.000
  5.0 215.2  0.000
  9.9 215.2  0.000
 14.8 215.2  0.000
 19.7 215.2  0.000
 24.6 215.2  0.000
 29.5 215.2  0.000
 34.4 215.2  0.000
 39.3 215.2  0.000
 44.1 215.2  0.000
 49.0 215.2  0.000
 53.9 215.2  0.000
 58.8 215.2  0.000
 63.7 215.2  0.000
 68.6 215.2  0.000
 73.5 215.2  0.000
 78.4 215.2  0.000
 83.2 215.2  0.000
 88.1 215.2  0.000
 93.0 215.2  0.000
 97.9 215.2  0.000
102.8 215.2  0.000
107.7 215.2  0.000
112.6 215.2  0.000
117.5 215.2  9.281
122.4 215.2  0.000
127.2 215.2  0.000
132.1 215.2  0.000
137.0 215.2  0.000
141.9 215.2  0.000
146.8 215.2  0.000
151.7 215.2  0.000
156.6 215.2  0.000
161.4 215.2  0.000
166.3 215.2  0.000
171.2 215.2  0.000
176.1 215.2  0.000
181.0 215.2  0.000
185.9 215.2  0.000
190.8 215.2  0.000
195.7 215.2  0.000
200.6 215.2  0.000
205.4 215.2  0.000
210.3 215.2  0.000
215.2 215.2  0.000
220.1 215.2  0.000
225.0 215.2  0.000
229.9 215.2  0.000
234.8 215.2  0.000
239.6 215.2  0.000
244.5 215.2  0.000
  5.0 220.1  0.000
  9.9 220.1  0.000
 14.8 220.1  0.000
 19.7 220.1  0.000
 24.6 220.1  0.000
 29.5 220.1  0.000
 34.4 220.1  0.000
 39.3 220.1  0.000
 44.1 220.1  0.000
 49.0 220.1  0.000
 53.9 220.1  0.000
 58.8 220.1  0.000
 63.7 220.1  0.000
 68.6 220.1  0.000
 73.5 220.1  0.000
 78.4 220.1  0.000
 83.2 220.1  0.000
 88.1 220.1  0.000
 93.0 220.1  0.000
 97.9 220.1  0.000
102.8 220.1  0.000
107.7 220.1  0.000
112.6 220.1  0.000
117.5 220.1  0.000
122.4 220.1  0.000
127.2 220.1  0.000
132.1 220.1  0.000
137.0 220.1  0.000
141.9 220.1  0.000
146.8 220.1  0.000
151.7 220.1  0.000
156.6 220.1  0.000
161.4 220.1  0.000
166.3 220.1  0.000
171.2 220.1  0.000
176.1 220.1  0.000
181.0 220.1  0.000
185.9 220.1  0.000
190.8 220.1  0.000
195.7 220.1  0.000
200.6 220.1  0.000
205.4 220.1  0.000
210.3 220.1  0.000
215.2 220.1  0.000
220.1 220.1  0.000
225.0 220.1  0.000
229.9 220.1  0.000
234.8 220.1  0.000
239.6 220.1  0.000
244.5 220.1  0.000
  5.0 225.0  0.000
  9.9 225.0  0.000
 14.8 225.0  0.000
 19.7 225.0  0.000
 24.6 225.0  0.000
 29.5 225.0  0.000
 34.4 225.0  0.000
 39.3 225.0  0.000
 44.1 225.0  0.000
 49.0 225.0  0.000
 53.9 225.0  0.000
 58.8 225.0  0.000
 63.7 225.0  0.000
 68.6 225.0  0.000
 73.5 225.0  0.000
 78.4 225.0  0.000
 83.2 225.0  0.000
 88.1 225.0  0.000
 93.0 225.0  0.000
 97.9 225.0  0.000
102.8 225.0  0.000
107.7 225.0  0.000
112.6 225.0  0.000
117.5 225.0  0.000
122.4 225.0  0.000
127.2 225.0  0.000
132.1 225.0  0.000
137.0 225.0  0.000
141.9 225.0  0.000
146.8 225.0  0.000
151.7 225.0  0.000
156.6 225.0  0.000
161.4 225.0  0.000
166.3 225.0  0.000
171.2 225.0  0.000
176.1 225.0  0.000
181.0 225.0  0.000
185.9 225.0  0.000
190.8 225.0  0.000
195.7 225.0  0.000
200.6 225.0  0.000
205.4 225.0  0.000
210.3 225.0  0.000
215.2 225.0  0.000
220.1 225.0  0.000
225.0 225.0  0.000
229.9 225.0  0.000
234.8 225.0  0.000
239.6 225.0  0.000
244.5 225.0  0.000
  5.0 229.9  0.000
  9.9 229.9  0.000
 14.8 229.9  0.000
 19.7 229.9  0.000
 24.6 229.9  0.000
 29.5 229.9  0.000
 34.4 229.9  0.000
 39.3 229.9  0.000
 44.1 229.9  0.000
 49.0 229.9  0.000
 53.9 229.9  0.000
 58.8 229.9  0.000
 63.7 229.9  0.000
 68.6 229.9  0.000
 73.5 229.9  0.000
 78.4 229.9  0.000
 83.2 229.9  0.000
 88.1 229.9  0.000
 93.0 229.9  0.000
 97.9 229.9  0.000
102.8 229.9  0.000
107.7 229.9  0.000
112.6 229.9  0.000
117.5 229.9  0.000
122.4 229.9  0.000
127.2 229.9  0.000
132.1 229.9  0.000
137.0 229.9  0.000
141.9 229.9  0.000
146.8 229.9  0.000
151.7 229.9  0.000
156.6 229.9  0.000
161.4 229.9  0.000
166.3 229.9  0.000
171.2 229.9  0.000
176.1 229.9  0.000
181.0 229.9  0.000
185.9 229.9  0.000
190.8 229.9  0.000
195.7 229.9  0.000
200.6 229.9  0.000
205.4 229.9  0.000
210.3 229.9  0.000
215.2 229.9  0.000
220.1 229.9  0.000
225.0 229.9  0.000
229.9 229.9  0.000
234.8 229.9  0.000
239.6 229.9  0.000
244.5 229.9  0.000
  5.0 234.8  0.000
  9.9 234.8  0.000
 14.8 234.8  0.000
 19.7 234.8  0.000
 24.6 234.8  0.000
 29.5 234.8  0.000
 34.4 234.8  0.000
 39.3 234.8  0.000
 44.1 234.8  0.000
 49.0 234.8  0.000
 53.9 234.8  0.000
 58.8 234.8  0.000
 63.7 234.8  0.000
 68.6 234.8  0.000
 73.5 234.8  0.000
 78.4 234.8  0.000
 83.2 234.8  0.000
 88.1 234.8  0.000
 93.0 234.8  0.000
 97.9 234.8  0.000
102.8 234.8  0.000
107.7 234.8  0.000
112.6 234.8  0.000
117.5 234.8  0.000
122.4 234.8  0.000
127.2 234.8  0.000
132.1 234.8  0.000
137.0 234.8  0.000
141.9 234.8  0.000
146.8 234.8  0.000
151.7 234.8  0.000
156.6 234.8  0.000
161.4 234.8  0.000
166.3 234.8  0.000
171.2 234.8  0.000
176.1 234.8  0.000
181.0 234.8  0.000
185.9 234.8  0.000
190.8 234.8  0.000
195.7 234.8  0.000
200.6 234.8  0.000
205.4 234.8  0.000
210.3 234.8  0.000
215.2 234.8  0.000
220.1 234.8  0.000
225.0 234.8  0.000
229.9 234.8  0.000
234.8 234.8  0.000
239.6 234.8  0.000
244.5 234.8  0.000
  5.0 239.6  0.000
  9.9 239.6  0.000
 14.8 239.6  0.000
 19.7 239.6  0.000
 24.6 239.6  0.000
 29.5 239.6  0.000
 34.4 239.6  0.000
 39.3 239.6  0.000
 44.1 239.6  0.000
 49.0 239.6  0.000
 53.9 239.6  0.000
 58.8 239.6  0.000
 63.7 239.6  0.000
 68.6 239.6  0.000
 73.5 239.6  0.000
 78.4 239.6  0.000
 83.2 239.6  0.000
 88.1 239.6  0.000
 93.0 239.6  0.000
 97.9 239.6  0.000
102.8 239.6  0.000
107.7 239.6  0.000
112.6 239.6  0.000
117.5 239.6  0.000
122.4 239.6  0.000
127.2 239.6  0.000
132.1 239.6  0.000
137.0 239.6  0.000
141.9 239.6  0.000
146.8 239.6  0.000
151.7 239.6  0.000
156.6 239.6  0.000
161.4 239.6  0.000
166.3 239.6  0.000
171.2 239.6  0.000
176.1 239.6  0.000
181.0 239.6  0.000
185.9 239.6  0.000
190.8 239.6  0.000
195.7 239.6  0.000
200.6 239.6  0.000
205.4 239.6  0.000
210.3 239.6  0.000
215.2 239.6  0.000
220.1 239.6  0.000
225.0 239.6  0.000
229.9 239.6  0.000
234.8 239.6  0.000
239.6 239.6  0.000
244.5 239.6  0.000
  5.0 244.5  0.000
  9.9 244.5  0.000
 14.8 244.5  0.000
 19.7 244.5  0.000
 24.6 244.5  0.000
 29.5 244.5  0.000
 34.4 244.5  0.000
 39.3 244.5  0.000
 44.1 244.5  0.000
 49.0 244.5  0.000
 53.9 244.5  0.000
 58.8 244.5  0.000
 63.7 244.5  0.000
 68.6 244.5  0.000
 73.5 244.5  0.000
 78.4 244.5  0.000
 83.2 244.5  0.000
 88.1 244.5  0.000
 93.0 244.5  0.000
 97.9 244.5  0.000
102.8 244.5  0.000
107.7 244.5  0.000
112.6 244.5  0.000
117.5 244.5  0.000
122.4 244.5  0.000
127.2 244.5  0.000
132.1 244.5  0.000
137.0 244.5  0.000
141.9 244.5  0.000
146.8 244.5  0.000
151.7 244.5  0.000
156.6 244.5  0.000
161.4 244.5  0.000
166.3 244.5  0.000
171.2 244.5  0.000
176.1 244.5  0.000
181.0 244.5  0.000
185.9 244.5  0.000
190.8 244.5  0.000
195.7 244.5  0.000
200.6 244.5  0.000
205.4 244.5  0.000
210.3 244.5  0.000
215.2 244.5  0.000
220.1 244.5  0.000
225.0 244.5  0.000
229.9 244.5  0.000
234.8 244.5  0.000
239.6 244.5  0.000
244.5 244.5  0.000
